U0 0 0 0 0 0
U0 0 0 0 0 0
U0 0 0 0 0 0
U0 0 0 0 0 0
U0 0 0 0 0 0
U0 0 0 0 0 0
U0 0 0 0 0 0
U0 0 0 0 0 0
U0 0 0 0 0 0
U0 0 0 0 0 0
U0 0 0 0 0 0
U0 0 0 0 0 0
U0 0 0 0 0 0
U0 0 0 0 0 0
U0 0 0 0 0 0
U0 0 0 0 0 0
U0 0 0 0 0 0
U0 0 0 0 0 0
U0 0 0 0 0 0
U0 0 0 0 0 0
U0 0 0 0 0 0
U0 0 0 0 0 0
U0 0 0 0 0 0
U0 0 0 0 0 0
U0 0 0 0 0 0
U0 0 0 0 0 0
U0 0 0 0 0 0
U0 0 0 0 0 0
U0 0 0 0 0 0
U0 0 0 0 0 0
U0 0 0 0 0 0
U0 0 0 0 0 0
U29 1 26 949 1045 1728
U0 0 0 0 0 0
U0 0 0 0 0 0
U0 0 0 0 0 0
U0 0 0 0 0 0
U0 0 0 0 0 0
U0 0 0 0 0 0
U0 0 0 0 0 0
U0 0 0 0 0 0
U0 0 0 0 0 0
U0 0 0 0 0 0
U0 0 0 0 0 0
U47 1 29 1275 1384 2289
U0 0 0 0 0 0
U0 0 0 0 0 0
U0 0 0 0 0 0
U0 0 0 0 0 0
